time_s,bus_voltage_V,supply_voltage_V,shunt_voltage_mV,current_mA,power_mW,discharged_C
0,5.004,5.06987,74.41,930.607,3669.7,0.009306
0.01,5.144,5.19553,52.69,559.243,2650.23,0.005592
0.02,5.132,5.19526,51.92,567.836,2652.18,0.005678
0.03,5.136,5.19283,53.79,535.221,2632.65,0.005352
0.04,5.144,5.19924,54.82,518.914,2646.32,0.005189
0.05,5.144,5.19928,52.59,517.156,2687.34,0.005172
0.06,5.132,5.19941,51.24,577.797,2677.57,0.005778
0.07,5.132,5.20016,51.27,556.216,2667.81,0.005562
0.08,5.14,5.19562,51.16,523.015,2675.62,0.00523
0.09,5.14,5.19929,51.54,524.87,2665.85,0.005249
0.1,5.128,5.19537,51.51,564.907,2671.71,0.005649
0.11,5.144,5.19593,51.17,579.652,2691.24,0.005797
0.12,5.144,5.19587,51.43,580.922,2656.09,0.005809
0.13,5.144,5.19501,51.37,578.09,2697.1,0.005781
0.14,5.132,5.19604,51.34,565.102,2710.77,0.005651
0.15,5.132,5.18221,55.9,617.052,2925.6,0.006171
0.16,5.128,5.18064,55.77,563.345,2906.07,0.005633
0.17,5.132,5.18448,55.1,556.802,2876.78,0.005568
0.18,5.148,5.1962,51.27,561.977,2738.11,0.00562
0.19,5.148,5.19596,51.4,521.843,2847.48,0.005218
0.2,5.144,5.17875,54.48,556.9,2827.95,0.005569
0.21,5.12,5.1697,57.22,628.477,4226.3,0.006285
0.22,5.112,5.17478,61.14,620.275,4540.74,0.006203
0.23,5.116,5.17755,60,559.634,3177.54,0.005596
0.24,5.108,5.16402,63.7,655.331,3234.18,0.006553
0.25,5.092,5.15469,66.78,660.311,3519.32,0.006603
0.26,5.088,5.14474,66.38,695.172,3507.6,0.006952
0.27,5.108,5.16911,62.68,655.429,3312.3,0.006554
0.28,5.116,5.1697,67.24,612.463,4464.57,0.006125
0.29,5.132,5.20564,56.59,604.846,2927.56,0.006048
0.3,5.132,5.18472,55.35,600.94,2908.03,0.006009
0.31,5.132,5.1883,55.97,601.721,2917.79,0.006017
0.32,5.112,5.17319,60.46,604.553,3839.61,0.006046
0.33,5.132,5.12949,56.88,559.146,3376.75,0.005591
0.34,5.112,5.17051,62.33,614.416,3234.18,0.006144
0.35,5.128,5.18101,56.15,587.366,2968.57,0.005874
0.36,5.128,5.18753,56.1,602.405,2947.09,0.006024
0.37,5.116,5.17613,60.5,602.307,3097.47,0.006023
0.38,5.132,5.18495,55.45,555.142,2906.07,0.005551
0.39,5.036,5.18091,55.74,561.392,2908.03,0.005614
0.4,5.132,5.18359,56.05,605.822,2908.03,0.006058
0.41,5.128,5.1873,56.13,602.6,2915.84,0.006026
0.42,5.124,5.18756,57.04,604.358,2853.34,0.006044
0.43,5.076,5.13177,61.53,565.298,3097.47,0.005653
0.44,5.108,5.18411,56.84,886.372,2890.45,0.008864
0.45,5.112,5.18749,55.46,616.662,2960.76,0.006167
0.46,5.132,5.21547,55.78,622.521,2927.56,0.006225
0.47,5.128,5.2,67.2,568.422,2902.17,0.005684
0.48,5.12,5.18535,57.06,651.718,2952.94,0.006517
0.49,5.12,5.1812,61.22,571.742,2956.85,0.005717
0.5,5.108,5.1614,58.5,622.13,2966.62,0.006221
0.51,5.12,5.18178,57.16,583.07,2976.38,0.005831
0.52,5.12,5.18567,57.13,584.535,3138.48,0.005845
0.53,5.104,5.16723,60.33,634.141,3216.6,0.006341
0.54,5.108,5.1729,58.17,657.186,2986.15,0.006572
0.55,5.12,5.18495,57.3,579.164,2976.38,0.005792
0.56,5.108,5.18131,56.51,636.094,3017.39,0.006361
0.57,5.088,5.14004,61.62,725.542,3202.93,0.007255
0.58,5.128,5.18087,57.67,615.685,2972.47,0.006157
0.59,5.124,5.18097,57.18,567.251,2982.24,0.005673
0.6,5.124,5.18097,57.72,618.029,2976.38,0.00618
0.61,5.124,5.18427,57.34,618.419,2966.62,0.006184
0.62,5.128,5.18067,57.59,569.692,3001.77,0.005697
0.63,5.124,5.18477,58.2,615.392,2917.79,0.006154
0.64,5.112,5.1848,58.59,568.032,2941.23,0.00568
0.65,5.116,5.1808,58.3,625.352,2960.76,0.006254
0.66,5.128,5.18474,57.16,639.024,2982.24,0.00639
0.67,5.124,5.1811,56.64,635.118,2982.24,0.006351
0.68,5.108,5.16967,61.03,624.278,3222.46,0.006243
0.69,5.12,5.18578,63.68,581.312,3337.69,0.005813
0.7,5.128,5.18545,55.69,632.09,2982.24,0.006321
0.71,5.128,5.18589,63.69,617.15,3111.14,0.006171
0.72,5.124,5.18061,57.09,615.49,2960.76,0.006155
0.73,5.128,5.18068,56.95,568.032,2956.85,0.00568
0.74,5.128,5.18097,56.94,565.59,3011.53,0.005656
0.75,5.128,5.18386,57.26,613.341,2952.94,0.006133
0.76,5.128,5.18443,57.75,615.978,2941.23,0.00616
0.77,5.112,5.173,61.66,608.654,3146.29,0.006087
0.78,5.128,5.18453,57.19,617.638,2925.6,0.006176
0.79,5.124,5.18061,57.37,565.395,2890.45,0.005654
0.8,5.124,5.18465,57.29,573.598,2947.09,0.005736
0.81,5.124,5.1847,57.87,610.217,2950.99,0.006102
0.82,5.112,5.18476,56.95,622.911,2937.32,0.006229
0.83,5.124,5.18085,56.89,576.137,2937.32,0.005761
0.84,5.12,5.18457,57.41,575.453,3187.31,0.005755
0.85,5.108,5.18309,58.52,643.515,3132.62,0.006435
0.86,5.124,5.18139,57.08,635.703,3154.1,0.006357
0.87,5.092,5.14951,76.77,621.837,3513.46,0.006218
0.88,5.124,5.18461,57.5,623.888,2880.68,0.006239
0.89,5.124,5.18467,57.89,567.934,2917.79,0.005679
0.9,5.124,5.18454,57.88,558.364,2933.41,0.005584
0.91,5.12,5.18488,58.43,621.544,2911.93,0.006215
0.92,5.124,5.18455,57.9,573.207,2915.84,0.005732
0.93,5.116,5.18061,57.26,622.423,2927.56,0.006224
0.94,5.124,5.18049,58.77,570.571,3062.31,0.005706
0.95,5.124,5.18464,58.13,567.543,2927.56,0.005675
0.96,5.116,5.1847,57.51,622.13,2931.46,0.006221
0.97,5.108,5.18228,58.5,639.707,2976.38,0.006397
0.98,5.12,5.18021,57.03,575.063,2995.91,0.005751
0.99,5.128,5.18199,58.23,577.894,2921.7,0.005779
1,5.108,5.17424,59.19,617.345,2925.6,0.006173
1.01,5.108,5.17321,62.51,616.076,3163.87,0.006161
1.02,5.12,5.18469,58.44,620.958,2902.17,0.00621
1.03,5.108,5.16877,58.35,612.463,2933.41,0.006125
1.04,5.124,5.18479,58.43,581.019,2927.56,0.00581
1.05,5.124,5.1847,57.93,617.345,2925.6,0.006173
1.06,5.124,5.18472,57.96,572.133,2943.18,0.005721
1.07,5.124,5.18065,56.91,567.836,2927.56,0.005678
1.08,5.12,5.18066,58.03,619.396,2927.56,0.006194
1.09,5.116,5.18469,58.14,620.958,2908.03,0.00621
1.1,5.12,5.18482,58.19,572.426,2927.56,0.005724
1.11,5.112,5.18467,57.33,624.278,2908.03,0.006243
1.12,5.124,5.18381,56.99,573.402,2915.84,0.005734
1.13,5.128,5.19312,56.98,572.817,2927.56,0.005728
1.14,5.104,5.17308,61.2,621.935,3138.48,0.006219
1.15,5.104,5.18083,56.68,625.938,2941.23,0.006259
1.16,5.104,5.15135,57.65,631.016,3091.61,0.00631
1.17,5.112,5.17162,62.49,654.452,3251.75,0.006545
1.18,5.128,5.18132,56.62,638.633,2976.38,0.006386
1.19,5.128,5.18103,56.75,571.547,2992,0.005715
1.2,5.128,5.18217,56.49,614.709,2978.33,0.006147
1.21,5.112,5.17019,61.28,609.826,3208.79,0.006098
1.22,5.116,5.17004,61.11,609.728,3187.31,0.006097
1.23,5.108,5.16989,61.24,615.978,3187.31,0.00616
1.24,5.124,5.18483,57.65,640.684,2997.86,0.006407
1.25,5.112,5.16646,61.38,575.063,3148.25,0.005751
1.26,5.128,5.18036,57.49,615.392,3003.72,0.006154
1.27,5.112,5.17331,61.99,567.348,3173.63,0.005673
1.28,5.128,5.18095,57.44,568.227,2972.47,0.005682
1.29,5.124,5.18071,57.29,583.46,2962.71,0.005835
1.3,5.128,5.17685,56.28,567.641,3087.7,0.005676
1.31,5.124,5.18478,57.3,614.318,2982.24,0.006143
1.32,5.124,5.18081,57.6,562.563,2962.71,0.005626
1.33,5.112,5.14129,57.04,567.153,2952.94,0.005672
1.34,5.128,5.1816,56.86,665.584,2950.99,0.006656
1.35,5.128,5.18076,56.8,616.466,2992,0.006165
1.36,5.128,5.18173,57.06,613.146,3001.77,0.006131
1.37,5.128,5.18177,56.74,566.762,2968.57,0.005668
1.38,5.128,5.18137,56.65,564.809,2952.94,0.005648
1.39,5.112,5.17817,60.23,609.24,3167.78,0.006092
1.4,5.096,5.16944,61.07,661.092,3173.63,0.006611
1.41,5.108,5.17086,61.25,624.571,3202.93,0.006246
1.42,5.128,5.18137,56.69,642.148,2982.24,0.006421
1.43,5.128,5.18195,63.56,614.123,3558.38,0.006141
1.44,5.116,5.17753,60.91,624.376,3093.56,0.006244
1.45,5.112,5.16896,62.68,619.396,3132.62,0.006194
1.46,5.112,5.18486,57.09,623.204,2931.46,0.006232
1.47,5.088,5.17672,56.5,641.66,2892.4,0.006417
1.48,5.12,5.17729,54.62,581.019,2716.63,0.00581
1.49,5.14,5.19923,52.88,518.718,2652.18,0.005187
1.5,5.144,5.19557,52.54,522.038,2656.09,0.00522
1.51,5.144,5.19124,52.59,534.44,2687.34,0.005344
1.52,5.14,5.19527,52.79,519.792,2632.65,0.005198
1.53,5.132,5.1953,51.35,565.005,2681.48,0.00565
1.54,5.144,5.19958,52.74,521.648,2650.23,0.005216
1.55,5.124,5.19913,52.75,560.122,2652.18,0.005601
1.56,5.128,5.18385,57.08,563.54,2882.64,0.005635
1.57,5.128,5.19732,52.43,566.079,2667.81,0.005661
1.58,5.128,5.18291,57.08,562.661,3359.17,0.005627
1.59,5.092,5.18796,55.54,610.9,3128.72,0.006109
1.6,5.08,5.15968,66.26,677.595,4685.26,0.006776
1.61,5.128,5.18471,56.38,579.457,2943.18,0.005795
1.62,5.124,5.18813,56.04,572.914,3152.15,0.005729
1.63,5.124,5.18394,55.95,568.52,2886.54,0.005685
1.64,5.128,5.19951,51.26,577.699,2636.56,0.005777
1.65,5.14,5.19883,51.22,529.655,2675.62,0.005297
1.66,5.132,5.19612,51.3,578.09,2706.87,0.005781
1.67,5.144,5.19601,51.37,580.629,2710.77,0.005806
1.68,5.144,5.19202,51.28,529.753,2691.24,0.005298
1.69,5.144,5.19456,51.19,580.14,2695.15,0.005801
1.7,5.128,5.18434,55.65,521.745,2956.85,0.005217
1.71,5.128,5.19231,51.4,573.012,2706.87,0.00573
1.72,5.144,5.19592,51.42,529.265,2706.87,0.005293
1.73,5.144,5.19602,51.2,528.581,2716.63,0.005286
1.74,5.128,5.18432,56.24,519.695,2921.7,0.005197
1.75,5.124,5.1772,57.89,570.18,2890.45,0.005702
1.76,5.128,5.19582,51.3,579.457,2687.34,0.005795
1.77,5.144,5.19611,51.4,563.442,2702.96,0.005634
1.78,5.148,5.19625,51.15,510.516,2667.81,0.005105
1.79,5.144,5.19324,53.01,574.867,2802.56,0.005749
1.8,5.144,5.19607,51.43,514.519,2716.63,0.005145
1.81,5.128,5.19255,51.33,562.368,2701.01,0.005624
1.82,5.144,5.19284,51.63,561.782,2716.63,0.005618
1.83,5.144,5.19166,50.89,564.028,2685.38,0.00564
1.84,5.144,5.19641,51.63,513.055,2695.15,0.005131
1.85,5.144,5.1933,51.51,507.977,2710.77,0.00508
1.86,5.128,5.19521,52.25,561.587,2691.24,0.005616
1.87,5.144,5.19538,52,512.762,2702.96,0.005128
1.88,5.104,5.17761,57.37,618.517,2986.15,0.006185
1.89,5.148,5.19245,51.44,571.254,2706.87,0.005713
1.9,5.144,5.18468,64.45,516.179,3388.47,0.005162
1.91,5.096,5.11648,58.97,652.988,2952.94,0.00653
1.92,5.136,5.19463,51.97,576.039,2667.81,0.00576
1.93,5.144,5.19508,52.61,513.933,2650.23,0.005139
1.94,5.14,5.19523,52.7,561.782,2646.32,0.005618
1.95,5.144,5.19562,52.51,516.57,2659.99,0.005166
1.96,5.136,5.1953,51.06,570.571,2624.84,0.005706
1.97,5.144,5.19569,51.22,580.433,2695.15,0.005804
